aimbot_box=0.00
aimbot_distance=400.00
aimbot_range=1314.0
aimbot_silent=1.00
aimbot_smoothing=0.01
aimbot_target_height=1.50
aimbot_target_priority=1.00
auto_alloc_equip=1.00
auto_swap_jetpack=1.0
auto_swap_weapon=1.0
auto_switch_weapon=1.0
auto_teleport=0.0
current_fps=3.00
custom_configs=[[60.0,[8.0,248.1],[11.9,257.0],[15.9,259.0],[17.9,262.0],[19.9,264.5],[20.0,259.5],[25.0,271.0],[30.0,269.5],[35.0,267.6],[40.0,264.3],[45.0,260.0],[50.0,258.0],[55.0,255.4],[60.0,264.0],[65.0,267.0],[70.0,269.0],[75.0,271.0],[80.0,274.4],[85.0,277.0],[90.0,279.6],[95.0,280.0],[100.0,238.0]],[90.0,[8.0,255.0],[11.9,274.0],[15.9,276.0],[17.9,278.0],[19.9,266.5],[20.0,262.5],[25.0,262.0],[30.0,268.0],[35.0,271.0],[40.0,274.3],[45.0,277.0],[50.0,279.0],[55.0,282.4],[60.0,283.0],[65.0,286.0],[70.0,287.0],[75.0,291.0],[80.0,294.4],[85.0,295.0],[90.0,297.6],[95.0,302.0],[100.0,306.0]],[120.0,[8.0,260.0],[11.9,257.0],[15.9,263.0],[17.9,265.0],[19.9,287.3],[20.0,275.3],[25.0,266.0],[30.0,268.0],[35.0,272.0],[40.0,273.0],[45.0,275.8],[50.0,277.0],[55.0,279.0],[60.0,280.0],[65.0,283.0],[70.0,284.0],[75.0,285.0],[80.0,287.0],[85.0,289.0],[90.0,291.0],[95.0,293.0],[100.0,295.0]],[170.0,[8.0,266.2],[11.9,282.0],[15.9,285.0],[17.9,290.0],[19.9,302.5],[20.0,307.5],[25.0,292.0],[30.0,293.4],[35.0,297.0],[40.0,298.4],[45.0,299.3],[50.0,299.6],[55.0,301.0],[60.0,303.0],[65.0,305.0],[70.0,307.0],[75.0,309.0],[80.0,310.0],[85.0,312.0],[90.0,316.0],[95.0,319.0],[100.0,321.0]],[220.0,[8.0,274.5],[11.9,293.0],[15.9,294.0],[17.9,295.7],[19.9,302.6],[20.0,307.6],[25.0,297.3],[30.0,300.3],[35.0,302.5],[40.0,305.7],[45.0,309.0],[50.0,312.7],[55.0,316.7],[60.0,319.7],[65.0,323.5],[70.0,326.3],[75.0,329.5],[80.0,332.7],[85.0,335.3],[90.0,340.3],[95.0,341.8],[100.0,346.3]],[260.0,[8.0,274.7],[11.9,292.3],[15.9,294.3],[17.9,297.3],[19.9,307.0],[20.0,301.2],[25.0,313.5],[30.0,317.0],[35.0,319.8],[40.0,322.3],[45.0,324.7],[50.0,327.3],[55.0,329.0],[60.0,331.0],[65.0,335.1],[70.0,338.3],[75.0,340.9],[80.0,344.0],[85.0,346.0],[90.0,350.1],[95.0,351.8],[100.0,354.3]],[300.0,[8.0,278.0],[11.9,289.5],[15.9,292.0],[17.9,295.0],[19.9,317.1],[20.0,312.6],[25.0,326.0],[30.0,329.0],[35.0,332.0],[40.0,335.4],[45.0,338.5],[50.0,341.0],[55.0,344.0],[60.0,347.0],[65.0,349.0],[70.0,353.0],[75.0,355.0],[80.0,358.0],[85.0,360.0],[90.0,363.0],[95.0,365.5],[100.0,366.8]],[340.0,[8.0,289.7],[11.9,306.8],[15.9,309.7],[17.9,314.2],[19.9,322.4],[20.0,318.2],[25.0,323.3],[30.0,325.7],[35.0,329.3],[40.0,331.3],[45.0,335.0],[50.0,337.2],[55.0,340.7],[60.0,343.3],[65.0,346.2],[70.0,348.0],[75.0,350.7],[80.0,353.3],[85.0,357.0],[90.0,360.7],[95.0,364.0],[100.0,367.3]],[370.0,[8.0,289.3],[11.9,302.8],[15.9,305.3],[17.9,307.0],[19.9,327.9],[20.0,322.7],[25.0,329.3],[30.0,332.7],[35.0,336.2],[40.0,339.0],[45.0,342.7],[50.0,345.4],[55.0,348.0],[60.0,351.0],[65.0,354.2],[70.0,356.7],[75.0,360.3],[80.0,363.7],[85.0,367.0],[90.0,369.7],[95.0,373.3],[100.0,377.3]],[400.0,[8.0,284.0],[11.9,283.5],[15.9,287.0],[17.9,290.5],[19.9,332.6],[20.0,327.6],[25.0,332.0],[30.0,336.0],[35.0,338.5],[40.0,341.0],[45.0,346.0],[50.0,348.7],[55.0,352.0],[60.0,356.6],[65.0,359.5],[70.0,362.0],[75.0,365.0],[80.0,367.0],[85.0,371.0],[90.0,373.0],[95.0,376.0],[100.0,380.0]]]
draw_object_distance=0.00
draw_object_line=0.0
draw_object_name=1.00
draw_object_value=1.00
draw_player_distance=1.00
draw_player_health=1.00
draw_player_line=0.0
draw_player_name=1.00
enable_debug_mode=1.00
enable_obstacle_detection=0.0
filter_npc_object=1.00
filter_pink_items=1.00
filter_prop_object=1.00
filter_purple_items=1.00
filter_useless_items=1.00
filter_white_items=1.00
guide_item=0.00
guide_npc=0.00
guide_players=1.00
ignore_death_player=1.00
ignore_npc=0.00
is_environment_highlight=1.0
is_modify_angle_range=1.00
is_modify_firearm_recoil=1.00
is_modify_melee_weapons_range=0.0
is_modify_scene_fog_mode=1.00
lateral_scale=0.38
melee_weapons_range=1.00
quick_interact=1.0
reload_interrupt=1.00
reload_switch=1.00
shoot_point=3.00
show_bag_items=0.00
show_configuration_items=0.00
show_ray=1.00
simple_mode=1.00
swap_after_reload=0.0
swap_weapon=1.00
switch_weapon=1.00
